8 3
3 2 6 5 7 4 0 1 
-2.0794415416798357 -2.0794415416798357 -2.0794415416798357 -2.0794415416798357 -2.0794415416798357 -2.0794415416798357 -2.0794415416798357 -2.0794415416798357 
0.2407380451569796 0.566773013590854 0.6961012472435374 
0.25025148757186116 0.48352245737268806 0.2793104524456304 
1.0497854275560772 0.9901583589917974 0.30886509716556804 
0.5361077786947123 0.2386200944409357 0.3909654401325594 
1.00010736718936 1.0000625167454478 1.000057453559898 
0.832037854645241 0.3085169664487744 0.277036772126744 
0.22131927246500108 0.21521503730612127 0.2161613158067886 
0.21449786575156893 0.24366677865285508 0.4506260970722377 
74.26321134303518 -38.788996368707956 0.5844944273294254 
-38.788996368707956 241.35767959879828 -166.39203168212921 
0.5844944273294325 -166.39203168212924 201.2773304611178 
91.57883092292151 -24.251493223402484 -46.84154001116019 
-24.2514932234025 208.96578093762835 -119.87934076842785 
-46.84154001116019 -119.87934076842784 178.91122316876795 
235.13525122394913 -202.9672379961811 -3.8667071875846166 
-202.96723799618113 324.58718375810946 0.04369979712702108 
-3.866707187584616 0.04369979712702108 48.65924991549582 
180.68827615206888 -51.003604936988275 -84.7640020838686 
-51.003604936988246 216.26144637792444 -116.41374360526581 
-84.76400208386863 -116.4137436052658 223.47443319776875 
465.3331395332303 -400.49735426817296 10.686700043497956 
-400.4973542681729 1007.3086497003903 -431.1880615196365 
10.686700043497934 -431.18806151963645 419.2134237979347 
80.58590977914746 -19.691992700438927 -14.65264312099926 
-19.69199270043891 332.3349703921878 -235.65122983266443 
-14.652643120999276 -235.6512298326644 272.32390433346905 
484.00879873193065 -484.4957064629857 33.17812996383421 
-484.49570646298594 1069.0104253988982 -537.2852997828887 
33.17812996383421 -537.2852997828887 514.6261075049308 
242.58976438829987 -224.68562397750324 40.28530053707894 
-224.68562397750318 347.8568424833962 -138.69495909432482 
40.28530053707892 -138.6949590943248 151.42289655423713 
-7.0218181545287015 -7.027904593483706 -7.174370394674919 -7.480186664427542 -8.82552385204173 -7.366949202044931 -8.449780961965866 -7.348275335489088 
