8 3
0 1 2 4 6 3 7 5 
-2.0794415416798357 -2.0794415416798357 -2.0794415416798357 -2.0794415416798357 -2.0794415416798357 -2.0794415416798357 -2.0794415416798357 -2.0794415416798357 
0.19535279781924916 0.19611549990592597 0.18824980679552694 
0.18019544900303563 0.2101039666746931 0.36647590371901295 
0.19237997325084927 0.4210741475329743 0.24807593453718305 
0.7087114496607473 0.2504074039027058 0.23127148485553534 
0.8417618732164639 0.8161317959915659 0.29798343804975697 
0.17473763535045628 0.4799744367477998 0.5776127180172602 
0.8014886853865276 0.8157053332418718 0.8032331783952728 
0.4956131516167317 0.20667530430756317 0.32601964630907576 
536.6200284590242 -457.94070306952995 83.87624980718782 
-457.94070306953 1401.5597322160238 -839.4868205637223 
83.87624980718793 -839.4868205637224 751.4071531089123 
369.5848373343566 -302.22849867178036 77.73584444166359 
-302.2284986717803 758.0344506254672 -379.0292687157869 
77.73584444166357 -379.0292687157868 343.482599209889 
204.90711189283792 -87.80850085149535 -7.231853447155014 
-87.80850085149534 393.8070929988187 -209.8810299150761 
-7.231853447155022 -209.88102991507617 236.09773914422044 
260.9191725674242 31.32431627762085 -47.396625610017225 
31.324316277620845 497.94519238670114 -333.2987220701823 
-47.39662561001722 -333.2987220701823 336.51721181936676 
548.068549677017 -388.1973325010297 11.999066962609842 
-388.1973325010296 765.128835731825 -21.210346828142963 
11.999066962609843 -21.210346828142967 76.328195277725 
130.556058494495 -89.55995242857159 48.46168504029999 
-89.55995242857158 564.0382033298954 -414.8659105486477 
48.461685040299976 -414.8659105486477 425.3382626732 
334.87736010111377 -354.80256043408866 69.51134226714488 
-354.8025604340886 1072.1113553662124 -462.8992428603179 
69.51134226714495 -462.899242860318 442.02591343698737 
213.51438627619038 -1.6241857101174713 -82.89395070972274 
-1.6241857101174735 461.57609637052076 -293.7402057456125 
-82.89395070972273 -293.7402057456125 362.523853291759 
-9.123239975445658 -8.516960870194287 -7.942320099976991 -8.237092582301788 -8.41420052580292 -7.929387470380455 -8.853163055893596 -8.22918767915941 
