8 3
7 6 2 0 4 5 1 3 
-2.0794415416798357 -2.0794415416798357 -2.0794415416798357 -2.0794415416798357 -2.0794415416798357 -2.0794415416798357 -2.0794415416798357 -2.0794415416798357 
0.7585324018035401 0.49829117669743417 0.4966425023069336 
0.7194534493356882 0.2705933061663884 0.5502953243022537 
0.34871151959559066 0.46012110228686715 0.41387918458666084 
0.23021223465489182 0.49861657526128633 0.5024208186342941 
0.39373524690029416 0.42591386110576174 0.7044268894298142 
0.3260801449380144 0.5114555684506065 0.6203340012169194 
0.25077266854778973 0.574786593959424 0.4777120337591297 
0.4062616057980915 0.589951286472379 0.3608439382914268 
491.73156770345093 11.295886825467193 -148.16413690995722 
11.295886825467202 2611.2778958302456 1514.5058345777259 
-148.1641369099572 1514.5058345777259 2501.0957657921135 
809.2340970512199 -4.0742958920294425 -19.077145934492194 
-4.074295892029442 465.4751728807198 563.4793526689944 
-19.077145934492194 563.4793526689944 2902.181660316693 
304.8065285180947 1.1466880630751737 113.0950752822121 
1.1466880630751648 1354.4038274309553 499.6254173126126 
113.0950752822121 499.6254173126127 1008.1617808976547 
353.29952815634806 -52.58835807275957 203.74322450846736 
-52.58835807275956 4575.019593372949 2332.9214801944454 
203.74322450846736 2332.9214801944454 3371.6471021969355 
542.4801765701667 -200.17367948391635 270.9368659589445 
-200.1736794839163 1966.6479803324905 527.5805278234732 
270.9368659589445 527.5805278234732 910.5028665072607 
379.37648234179153 -111.22411899577729 81.1131108212538 
-111.22411899577732 2025.4985749867353 364.64568529487246 
81.11311082125381 364.6456852948725 852.6816836939327 
358.9854663747301 64.68494750513125 200.16579448911065 
64.68494750513122 2104.46140446282 1301.7696180202242 
200.16579448911062 1301.7696180202242 2231.5017930552367 
282.38256409115945 115.9802688599826 112.26830648927023 
115.9802688599826 2441.7961937656837 1050.7105468506963 
112.26830648927024 1050.7105468506963 924.473434593942 
-10.713408115220853 -10.272141357014668 -9.796454228756101 -10.95520344616118 -10.09126242703112 -10.084352649859326 -10.370332616762164 -9.775791968317705 
