8 3
0 3 7 4 5 6 2 1 
-2.0794415416798357 -2.0794415416798357 -2.0794415416798357 -2.0794415416798357 -2.0794415416798357 -2.0794415416798357 -2.0794415416798357 -2.0794415416798357 
0.19547357749044267 0.1869248604099498 0.18251324740943836 
0.23598503772054144 0.5761296219754819 0.7076021716349942 
1.000284161922202 1.0000688835226954 1.0001722368494248 
0.817610019524483 0.2966479362308872 0.25543627174805295 
0.5402540963514169 0.22508426566276682 0.3792109444756984 
1.0332511949024232 0.9897170899398546 0.32190317068643354 
0.21968363143987982 0.4839206421074373 0.25738599664117606 
0.18712694106583444 0.22131061853017153 0.4386086445962338 
299.1048613192676 -279.48812394264235 2.0196800152352865 
-279.4881239426422 588.0770799697893 -293.10336829033514 
2.019680015235141 -293.10336829033497 315.5560682631536 
43.664620771785 -34.586989703966616 11.86512056196537 
-34.58698970396662 184.33724199981856 -130.51891233508496 
11.865120561965371 -130.51891233508496 158.0143855281241 
280.92024209101317 -231.8378746166882 8.526978859632896 
-231.8378746166883 538.9817784900821 -240.94850570106703 
8.526978859632896 -240.94850570106703 251.38648625146294 
71.32606179749793 -15.975139496390817 -8.239776166407946 
-15.975139496390819 209.90691060132303 -163.76116375507104 
-8.23977616640794 -163.76116375507107 192.3095922015908 
135.37286191749993 -45.204530408320814 -55.62312343310198 
-45.2045304083208 151.9492576187664 -86.62254750224409 
-55.623123433102 -86.62254750224407 164.05012994895725 
239.16621071826592 -204.97539224093146 3.064986746082969 
-204.9753922409315 314.7705306778572 -13.629244577843975 
3.0649867460829703 -13.629244577843975 33.94745489774801 
78.51695285379371 -18.543496077322175 -44.25086392654397 
-18.54349607732218 144.5201750834825 -80.73748996795709 
-44.25086392654398 -80.73748996795709 135.24835955860644 
167.50655237646276 -159.1748286288879 32.61286499110075 
-159.1748286288879 263.70438470540694 -114.7700397070988 
32.61286499110075 -114.7700397070988 121.53737311368816 
-7.759089881949506 -6.47421001227761 -8.01491821100449 -6.832333846302852 -6.963416131401537 -6.954996809138995 -6.618637681432537 -6.904698382484943 
