4
10
5.6843418860808015E-14 -8.968926187444755 13.746164488837708 6.130721148494898 -11.065238365442404 -5.207892189751644 -1.675728198158426 -2.5756362279461875 -0.030573882563343244 -3.1982824026685055
-2.090574999246619
10
5.6843418860808015E-14 10.572091000225585 -12.831138868046896 11.775096671579567 0.9668990685725195 -13.379470436552069 -11.913987490856023 -3.3082537965255594 -3.221930211056892 5.495445826735014
-2.2747546404911883
10
-1.3500311979441904E-13 -7.448770796448894 39.178851872806256 -12.91820206013493 8.084587850506248 -17.687318599628636 -14.518152261417791 1.0774565210151503 -6.663655999304367 -1.9377961562590427
-0.2946000544571622
20
1.8189894035458565E-12 1.8189894035458565E-12 -3.2334370138044353 -0.060105669867041356 1.8189894035458565E-12 4.130940489105324 -15.611214120597406 1.8189894035458565E-12 -10.846601911713718 3.7591807160770196 -3.2334370138044353 42.569438996560656 -0.060105669867041356 -3.2334370138044353 -33.82953063811798 -0.060105669867041356 4.130940489105324 -13.980309967832369 -15.611214120597406 42.569438996560656
0.7337488883357465