3
3
22.45942367087666 -13.486810709103706 0.5566746111436213
5.137562878827905
3
-9.291117458110664 28.57243346096302 -3.9267900541570357
5.500053902695747
20
2.2737367544323206E-13 9.595746978766181 -22.02855421561878 17.958887711788954 2.54438552313117 -3.2041266313735552 13.450739329108314 -14.964922332128568 8.569457821785491 9.620501596295776 -0.23182209334764875 0.26626976239925343 -0.7247717029076217 -0.46364431250538174 0.5325390181556108 -1.4495440054753925 -0.46364431250538174 0.5325390181556108 -1.4495440054753925 5.370456533495529
3.3498845791814182

3
-1.7090379752984015 -19.011660984684873 30.41520782768215
3.6769765501593774
10
-2.5579538487363607E-13 14.523212409469256 -25.57235502846835 17.58204473756381 -15.102077070457494 6.312567876598988 16.40673368045806 0.3223040580225273 5.347068917255756 -4.412352199369774
3.5417650687542572