8 3
3 2 6 5 7 4 0 1 
-2.0794415416798357 -2.0794415416798357 -2.0794415416798357 -2.0794415416798357 -2.0794415416798357 -2.0794415416798357 -2.0794415416798357 -2.0794415416798357 
0.2114785617477839 0.5050980911064318 0.658367473927494 
0.12730505269147716 0.39909768670689805 0.18113878024180277 
0.9844118639313562 0.982277524532979 0.4113440786671746 
0.4427234779290398 0.14453078213883377 0.3126257536417293 
1.0004761171677539 1.0004040600590103 1.0008463555738654 
0.7080101991299723 0.26107623151792547 0.21349683373659775 
0.09528964741958951 0.08420964995873628 0.09902201043308857 
0.10175343046124051 0.09743702652448871 0.35910910814269165 
111.71255848061391 -67.06614906004899 23.775257904340023 
-67.06614906004901 269.83924699165306 -143.29330558347405 
23.775257904340016 -143.29330558347402 146.4476225620558 
164.4322310632886 -21.60258564098159 -33.27490381570601 
-21.602585640981594 189.5069169238582 -105.18810627185222 
-33.274903815706 -105.18810627185223 166.7567539867398 
927.3090671294626 -665.4114513529298 -15.31737362536915 
-665.4114513529298 772.6304404030441 -16.140926289546925 
-15.317373625369155 -16.140926289546925 64.02332029946622 
256.32731765056667 -79.98219218559714 -128.68916684029614 
-79.98219218559714 253.82685340786765 -21.71872782468386 
-128.68916684029614 -21.718727824683857 150.4300297302717 
623.2863873268491 -512.395031947864 10.003574207748107 
-512.3950319478639 1056.1803046706382 -325.51011658732443 
10.003574207747992 -325.51011658732426 324.7238228553462 
165.61774266589944 -25.070300125415113 -65.9860532547108 
-25.070300125415095 208.53290927304133 -104.88898489074488 
-65.9860532547108 -104.88898489074487 233.45669894469142 
646.7236386637933 -539.2397709334465 9.173183043129912 
-539.2397709334465 1049.9552329555286 -428.018394512794 
9.17318304312988 -428.018394512794 452.59241218685787 
392.86991841606374 -298.6527377378236 -12.346403175892142 
-298.6527377378236 489.9320300178506 -55.05578571706962 
-12.346403175892137 -55.05578571706962 67.2453926500182 
-7.192262203991537 -7.446633142728978 -8.31757954410834 -7.6075409387412085 -9.00030958988663 -7.69611011702899 -8.9663468043726 -7.739147511216208 
