8 3
0 5 4 2 6 3 7 1 
-2.0794415416798357 -2.0794415416798357 -2.0794415416798357 -2.0794415416798357 -2.0794415416798357 -2.0794415416798357 -2.0794415416798357 -2.0794415416798357 
0.30556259642645545 0.2838327175163293 0.2737244243904283 
0.6091088577618031 0.3309568642907238 0.44474661447982017 
0.8439783875067138 0.3521442958199838 0.3169583936863082 
0.3814288659313826 0.5216272956363927 0.3310718794794755 
1.0641391211751463 0.9491440411833771 0.4043952170301863 
0.3659401709571661 0.6511571294038421 0.7503631197276952 
1.0001336197146407 0.9998083576758554 0.9995631133638263 
0.2718933331678429 0.3367531965674215 0.48561129055490826 
636.0973540683259 -682.1106282511369 174.31003324248016 
-682.1106282511371 2132.468223519063 -1166.9630618446504 
174.31003324248047 -1166.9630618446506 957.9661788251071 
357.05205201093924 -96.00754822867454 -72.3434752929284 
-96.00754822867458 681.0871745797408 -444.77514009557524 
-72.34347529292835 -444.77514009557524 521.4115866619611 
385.5257312157331 -131.54459535390404 -5.959636498030954 
-131.54459535390393 881.0884485799725 -541.9609183924202 
-5.959636498030984 -541.9609183924202 540.7273257053204 
454.0770271250648 -391.50267728991844 32.95971549074861 
-391.50267728991844 925.049776805255 -366.9257335470246 
32.95971549074852 -366.9257335470245 347.9761212588348 
1088.0331393187719 -806.9917531358576 23.559571956459905 
-806.9917531358576 1049.740819703384 -108.03072574876683 
23.559571956460072 -108.03072574876704 107.41192202166008 
195.48848142913374 -283.738484353813 141.9490261928421 
-283.7384843538129 1161.773717346048 -765.4047219173024 
141.94902619284198 -765.4047219173023 682.3839920046022 
567.0284407166214 -539.5788446283658 86.51062071368845 
-539.5788446283658 1786.4916073074367 -1001.907875444446 
86.51062071368848 -1001.9078754444458 858.4153738029225 
450.8618669818848 -484.8696687018323 182.7451572956482 
-484.8696687018324 1348.5756173737734 -728.4543403216176 
182.74515729564823 -728.4543403216177 598.8406163652716 
-9.557392446461662 -8.771996916026398 -8.956595255177398 -8.754185426886048 -8.79479611615006 -8.491798332947267 -9.343886936302713 -9.01846232827451 
