8 3
3 4 6 2 5 0 7 1 
-2.0794415416798357 -2.0794415416798357 -2.0794415416798357 -2.0794415416798357 -2.0794415416798357 -2.0794415416798357 -2.0794415416798357 -2.0794415416798357 
0.21365748179202498 0.4255664252877739 0.5430092098075202 
0.6649069181349578 0.21899352542943124 0.1928212525054037 
0.8380436001206095 0.8098886205983341 0.21234464561745914 
0.18465277107038822 0.3571701530961719 0.18211005404205685 
0.42411732320988926 0.16297652594969037 0.28193492616376803 
0.16049284922945217 0.14327750673485012 0.13602427381209525 
0.7947516447572965 0.7955425849148294 0.8023401864934109 
0.15210838500698873 0.15713054378287497 0.3156160240839761 
111.63268222969394 -109.17020733934964 72.12997829833179 
-109.17020733934964 757.8475166764758 -541.6675769354579 
72.1299782983318 -541.667576935458 525.0333494638784 
119.3436349915743 -22.496136624556264 56.45160431953363 
-22.49613662455627 1176.1830356489602 -663.0005501432366 
56.45160431953364 -663.0005501432366 780.9115758334644 
723.8761292743574 -533.9361548912121 96.53987103195614 
-533.9361548912121 865.3358091265223 17.812040678615208 
96.53987103195614 17.81204067861521 116.48083114741233 
311.1890834130481 -5.287174521639702 -148.7213416886363 
-5.287174521639712 349.6692104802651 -199.00939515178436 
-148.72134168863633 -199.0093951517844 453.9617841567466 
221.9781586119779 -13.337765651563334 -128.764791593328 
-13.337765651563307 640.7250716455827 -305.6664417339664 
-128.764791593328 -305.66644173396634 500.8401525349971 
1102.713627038269 -568.5964426406229 -143.181104369743 
-568.5964426406226 2033.6858041418602 -1053.0407144516964 
-143.18110436974314 -1053.0407144516964 1209.6902922594054 
385.69384808457085 -455.58934577369155 143.57728322334137 
-455.5893457736915 915.6138823893807 -336.17399593740237 
143.57728322334137 -336.17399593740237 355.5797315996284 
663.9100591799961 -607.2020202428299 163.9325040101145 
-607.20202024283 1435.7269813124447 -480.73130520316397 
163.93250401011454 -480.73130520316397 398.7031754791493 
-8.058799138501437 -8.908661362359085 -8.602064966213753 -8.59162444274141 -8.736070777965464 -10.300988007818841 -8.660287990409273 -9.366762976645536 
