8 3
3 0 7 2 1 5 4 6 
-2.0794415416798357 -2.0794415416798357 -2.0794415416798357 -2.0794415416798357 -2.0794415416798357 -2.0794415416798357 -2.0794415416798357 -2.0794415416798357 
0.2667896857044836 0.5340343162571433 0.6758579100940211 
0.20260779703214254 0.1813988687377731 0.1704304850775003 
1.0002609487447556 0.9999565599853804 1.0004068253570093 
0.23367601322004716 0.44940735236056273 0.22709271968682526 
0.1907933453798756 0.1979673318841308 0.39318422757464483 
0.5321734010456145 0.20576776873777108 0.3514642628554215 
0.8367764490858872 0.2769682582263979 0.2409482872595611 
1.0569085016941893 1.0181964157660968 0.2642872853030132 
69.67196691933985 -27.39084729586948 -1.7523095362180858 
-27.39084729586947 341.7685322994768 -222.92883035875067 
-1.752309536218096 -222.92883035875067 257.27202165377514 
781.1448451610971 -426.29557819227097 -135.13933716889554 
-426.295578192271 1204.2080782848861 -572.3522512144309 
-135.13933716889557 -572.3522512144309 737.6089313805027 
304.32076504215604 -213.84437412555633 18.94136973159877 
-213.84437412555633 717.0535518510825 -294.41191256968835 
18.94136973159877 -294.4119125696883 360.55511931226636 
215.17662786660898 -30.829896595205067 -107.77516800964479 
-30.82989659520508 232.51018242928245 -116.8606931494578 
-107.77516800964477 -116.86069314945782 301.009484504057 
449.7830232852515 -357.28136567399736 60.91222621222317 
-357.28136567399724 829.5530841822068 -275.4310716077496 
60.91222621222316 -275.4310716077496 277.10260975075914 
234.27661397223534 -7.337832987444808 -144.89669929785157 
-7.337832987444778 402.9736577415989 -213.4482206093816 
-144.89669929785157 -213.44822060938156 394.01443566171423 
123.8384427348678 -41.9707873072754 34.69349523692415 
-41.97078730727541 583.3284522679621 -356.2828790658062 
34.69349523692415 -356.2828790658061 463.7314268076107 
335.8626438662965 -286.4186950409404 -18.4894038774888 
-286.41869504094046 694.0387520918466 0.4065097096495898 
-18.4894038774888 0.4065097096495898 57.462230156879826 
-7.355412320809813 -9.595313800663877 -8.725758870356634 -7.9693517590101175 -8.786128631347005 -8.341380981638697 -8.33305334664116 -7.974695151547015 
