8 3
2 1 6 5 0 3 7 4 
-2.0794415416798357 -2.0794415416798357 -2.0794415416798357 -2.0794415416798357 -2.0794415416798357 -2.0794415416798357 -2.0794415416798357 -2.0794415416798357 
0.18522950197000598 0.4482366181316619 0.22683864485497393 
0.16878124495300706 0.18793619153959087 0.43858718051753615 
1.053177116595349 1.018218172653661 0.1796212212138013 
0.515480607550255 0.18303980219761615 0.37248695774067436 
0.17567639144308544 0.16422992412663792 0.15893694848698206 
0.20889154822522812 0.5312019830672996 0.735071718759695 
1.0000164238964337 0.9999484523089258 1.000043937428681 
0.848031054758038 0.23902324887040086 0.22312541926175564 
315.2820857003972 3.759048203283348 -234.09526613787148 
3.7590482032833736 191.67990382699577 -101.10297693536833 
-234.0952661378715 -101.1029769353683 467.5758539058429 
425.16287497354637 -403.7200906051457 73.85428919835907 
-403.7200906051457 1115.9766111211177 -404.99617554289756 
73.8542891983591 -404.9961755428976 353.7409587969801 
441.88219313470637 -363.9849848888559 -39.43596631017953 
-363.9849848888558 880.2626927382344 -16.51015279638796 
-39.43596631017954 -16.51015279638795 107.09854071849675 
180.1786490233648 -7.0976921238303285 -87.9760913221451 
-7.097692123830332 599.2792220309624 -361.2701654525332 
-87.97609132214508 -361.2701654525332 420.651435820664 
1698.855550285396 -1209.6416203793135 -281.5569172463536 
-1209.641620379314 2300.0988141230914 -784.3974187158287 
-281.5569172463531 -784.3974187158292 1096.005122537133 
90.20427403620073 1.7714906370490884 -37.742081697177106 
1.7714906370490822 261.152908187531 -199.59966563633756 
-37.74208169717711 -199.59966563633756 303.20580799920924 
437.1010129615921 -343.96839102945256 -6.513174461921085 
-343.9683910294526 803.9159328496324 -246.6852260191764 
-6.513174461921117 -246.6852260191764 303.80396420229164 
103.12708095789264 -114.91040053312275 76.26069672225644 
-114.91040053312274 1389.9965936346098 -780.8616051928175 
76.26069672225645 -780.8616051928177 772.1073687065327 
-8.251730936011105 -8.942370751951994 -8.527212373962927 -8.318264109769903 -10.318338560375759 -7.489744136259423 -8.789186053731258 -8.790723240417558 
