8 3
2 7 0 5 1 6 3 4 
-2.3966541702481137 -1.6812838529034582 -1.8718021769015913 -2.3815204684338918 -2.318712693185148 -2.326912515498921 -1.9426282294702037 -1.9858528701820468 
0.1912570706260018 0.4561753130016085 0.20664960674157412 
0.9601096418759869 0.9609715718210422 0.9614289079670288 
0.13565986348527853 0.1250678525641009 0.12502389957264867 
0.5238327865612631 0.17702750988142357 0.3399576067193686 
0.14548075909428415 0.1428989272457307 0.38959999999999556 
1.0240054116766377 1.0200667795658762 0.37464628742515127 
0.23975124108052934 0.5089851975025487 0.6848422438837908 
0.7965457929749812 0.2731286495476288 0.2139111894624816 
176.34093905283098 -117.5288729133843 -38.92197374771846 
-117.52887291338428 196.71590811353647 -41.15542751537067 
-38.92197374771847 -41.155427515370654 107.30223978808553 
168.41065687709497 -111.78503764938704 -7.521305982674314 
-111.78503764938706 422.1334165180805 -202.62300486037256 
-7.521305982674316 -202.62300486037253 232.06510799845708 
532.1878082745095 -370.1137608280326 -24.125083221566612 
-370.11376082803264 922.6350136196662 -495.90373322167414 
-24.125083221566623 -495.90373322167414 533.7336451808404 
104.91014762445053 -5.120283396655077 -62.24618340564589 
-5.120283396655078 196.80473194770815 -120.1667282292837 
-62.2461834056459 -120.16672822928372 201.54616088058634 
309.5059822434402 -179.89463463299808 1.9715615157560622 
-179.8946346329981 309.0515791588658 -100.66158560382068 
1.971561515756064 -100.66158560382067 148.88287860986406 
339.3470016608805 -133.83904965079827 -13.162508127343369 
-133.83904965079827 319.698618919722 23.915353344103455 
-13.16250812734337 23.91535334410346 54.629498952435306 
98.24886784202765 -81.14872165874948 11.893270145277562 
-81.14872165874951 218.99303249984752 -129.14263514845297 
11.89327014527756 -129.14263514845297 153.45713512983036 
176.43309420556784 68.87215343952069 -53.41268000911985 
68.87215343952067 297.9752255653732 -177.071889886745 
-53.41268000911985 -177.071889886745 243.44009646375858 
-7.026013310787418 -7.829549757954681 -8.850486401585465 -7.202192551572051 -7.832536346390889 -7.690278833920482 -6.838667952401655 -7.848576860971141
0.9993 -0.0266 -0.0150 -0.0192 -0.0060