8 3
0 1 6 3 5 2 7 4 
-2.0794415416798357 -2.0794415416798357 -2.0794415416798357 -2.0794415416798357 -2.0794415416798357 -2.0794415416798357 -2.0794415416798357 -2.0794415416798357 
0.19729358973175679 0.17830522634223767 0.17014486505206974 
0.19095332319218927 0.1963529738773893 0.4135382803995308 
1.0477083995757646 1.0169674491008567 0.22623806321528525 
0.2625932469472016 0.5268055435811754 0.694257234915923 
0.5196469684954788 0.20246160733700716 0.36334353470724295 
0.22427147487540058 0.4406383944236028 0.22906041257830595 
0.9997986321877086 0.999875679302644 0.9998363585789422 
0.8252147465431985 0.26481566346569185 0.23803885898334678 
906.0533936626802 -559.4405669266405 -130.31173038180964 
-559.4405669266404 1406.4137389018806 -628.4201851488576 
-130.31173038180975 -628.4201851488575 799.2356426132251 
552.2573875423433 -429.00175573916005 43.496837316149566 
-429.00175573916005 923.7048688996115 -254.17287275448385 
43.49683731614959 -254.1728727544839 250.28482291407335 
396.89665388680027 -319.8069894131968 -25.927540818142173 
-319.8069894131968 757.5319518057081 4.069708099975623 
-25.927540818142177 4.069708099975622 63.17997772028097 
89.55910659473805 -43.81003818483405 -1.6567538508656954 
-43.810038184834056 291.9587667066968 -162.54643577656864 
-1.6567538508656874 -162.54643577656864 205.40656646289105 
205.8834640644675 -46.68052805098118 -81.6678318559651 
-46.680528050981174 469.9591022576401 -220.00375668224117 
-81.6678318559651 -220.00375668224117 328.7660431791866 
270.0633122764927 -68.05618856678866 -123.63185587377112 
-68.05618856678866 269.73150483176863 -111.15510491469989 
-123.63185587377113 -111.15510491469989 329.6608364940906 
352.188612668864 -251.90674158133277 7.1450537770911655 
-251.9067415813328 737.7518540026183 -272.5498129296317 
7.145053777091167 -272.5498129296316 333.02614867619786 
129.34283088079695 -59.84329790162649 35.91829428794378 
-59.84329790162649 630.5950886546834 -391.4532683590214 
35.91829428794378 -391.45326835902137 507.17955609333706 
-9.751235154527187 -8.899212386268085 -8.153765086775904 -7.382805935788144 -8.303857594121391 -8.196235220292483 -8.754418756811214 -8.42040311078407 
