8 3
3 2 6 5 7 4 0 1 
-2.0794415416798357 -2.0794415416798357 -2.0794415416798357 -2.0794415416798357 -2.0794415416798357 -2.0794415416798357 -2.0794415416798357 -2.0794415416798357 
0.1941398395302561 0.6837397112313139 0.7765854609977114 
0.21150607579542208 0.6234351535454606 0.2596384052487387 
1.0421136407709357 0.9960841269999012 0.3049125256827458 
0.6621477210568467 0.22198655830320785 0.5606666506389052 
1.000020270025431 1.0000112518681936 0.9999765259711931 
0.8754099870003187 0.2777616687966121 0.24567657549039126 
0.18443596915315477 0.17777908140295176 0.1848823300563951 
0.17264544698454487 0.1965337841758158 0.5945736942909096 
56.995770453463436 22.07180416169451 -13.18634941603699 
22.071804161694498 146.4911475999867 -164.88499919661365 
-13.186349416036979 -164.88499919661365 223.9303937352652 
78.75041255151405 11.854502721369139 -46.9386886810937 
11.854502721369139 18.688837207572163 -7.646774329662103 
-46.938688681093694 -7.646774329662102 93.9412136411512 
242.63790247436256 -207.77446765917648 -0.8637458978082245 
-207.77446765917642 338.32190517250075 -9.46476380032035 
-0.8637458978082249 -9.46476380032035 54.88025044806444 
171.44383741721754 9.039171524240466 -126.18097030701134 
9.039171524240468 85.7011667123266 -5.936620203251466 
-126.18097030701135 -5.936620203251466 104.87146979821544 
514.8369926535938 -453.37690028549025 -12.539527793413946 
-453.37690028549025 1115.347483201228 -477.497306827319 
-12.53952779341377 -477.4973068273191 479.4860549567258 
54.387227091235644 9.265011373022283 -2.640162372805566 
9.26501137302228 296.95910199678076 -226.14498312028988 
-2.640162372805562 -226.14498312028985 249.4668547127465 
414.8640970885801 -390.22179357948175 7.401171399464126 
-390.2217935794817 854.5426386762699 -434.0230067565217 
7.401171399464109 -434.0230067565217 445.0628243671481 
221.5383453011174 -179.5297288848751 7.33437047611618 
-179.5297288848751 206.52738912694323 2.4791667445177654 
7.334370476116175 2.479166744517771 16.598705632628505 
-6.274027384727967 -5.691328149483488 -7.281223819766302 -6.037122212613559 -8.900238476853072 -7.013378521198046 -8.238651843071738 -6.116505757475371 
