4 3
2 1 0 3 
-1.3862943611198906 -1.3862943611198906 -1.3862943611198906 -1.3862943611198906 
0.8002687804163259 0.3050893043417362 0.313773045093192 
0.4756806745166493 0.624587340777452 0.7550296328337738 
0.2476149727259761 0.21036176491827277 0.20715479347961016 
0.9999095858288607 0.9998979459431787 0.9998940724696327 
303.8930730380676 -23.455827121245598 60.98205603543607 
-23.455827121245573 1324.0112125595683 -836.2397370979365 
60.98205603543607 -836.2397370979365 847.1083653750242 
152.3788856056462 -185.60132018595763 105.24168420274178 
-185.6013201859577 825.194254836686 -518.7112799046217 
105.2416842027418 -518.7112799046217 442.1646645442337 
435.3075396854231 -263.9353722713906 68.10305265844553 
-263.9353722713906 1499.111300069915 -873.9249979769459 
68.10305265844548 -873.9249979769456 962.8920323834719 
291.9735700770506 -100.62059113728729 50.380086845031286 
-100.62059113728733 1172.16914238194 -835.1631685729499 
50.38008684503129 -835.1631685729499 789.6461219235093 
-9.323237143232818 -8.083067807604298 -9.675007619707776 -8.987953850206841 
