8 3
5 7 0 1 6 2 3 4 
-2.0794415416798357 -2.0794415416798357 -2.0794415416798357 -2.0794415416798357 -2.0794415416798357 -2.0794415416798357 -2.0794415416798357 -2.0794415416798357 
0.5373878311412966 0.18174855151981475 0.33274411519471203 
1.0006434463607043 1.0002094736123122 1.0001500058052872 
0.17237062033199682 0.16154301597070564 0.14069187073119127 
0.15057481061516956 0.18346736951924278 0.3925648322601843 
1.080883040859252 1.0195658434629702 0.32229987755485745 
0.19500773808788446 0.4835442410637507 0.2319597881418615 
0.20397174324526396 0.5688783332906254 0.7093295300137786 
0.8798835021395717 0.26580886362033557 0.2311011104382411 
408.9652479729678 -45.7081717001028 -214.4142209532389 
-45.70817170010284 654.9446040691587 -274.3506331420252 
-214.4142209532389 -274.3506331420252 491.1483702451318 
366.89197963201593 -270.5359932271232 10.308712957058756 
-270.5359932271232 797.0969976582122 -291.1193278827797 
10.308712957058752 -291.11932788277977 393.6834231442542 
947.6125020857198 -539.7967872088506 -44.50252383219481 
-539.7967872088504 1780.1643440390465 -842.293070629829 
-44.502523832194754 -842.293070629829 1090.3795733004613 
778.5980984060559 -615.5279224736531 111.46032804138217 
-615.5279224736531 1361.5061609056463 -415.2796187684985 
111.46032804138206 -415.2796187684983 352.48640246259333 
659.9213856300189 -365.9947304181555 25.071005787060646 
-365.9947304181555 947.2990458655605 -29.271141559958917 
25.07100578706065 -29.271141559958913 177.4125337710918 
337.0196598742265 -82.50059033861086 -86.01265362602845 
-82.50059033861085 565.660985606091 -329.08478041204745 
-86.01265362602847 -329.08478041204745 520.296307231889 
139.9605031335391 -110.51968666093353 37.542587285552294 
-110.51968666093353 643.1244731424096 -431.910931265041 
37.542587285552344 -431.91093126504103 428.893151904956 
220.57426873015214 15.275200682611349 -107.83111816099705 
15.275200682611349 1313.6913107207542 -646.4915264578113 
-107.83111816099702 -646.4915264578113 922.484986569926 
-8.989208772247776 -8.92720083811121 -10.253405101004088 -9.399228024109547 -9.137941472169352 -8.866697600886136 -8.055801265104376 -9.450797984828153 
