8 3
2 3 4 1 6 7 5 0 
-2.0794415416798357 -2.0794415416798357 -2.0794415416798357 -2.0794415416798357 -2.0794415416798357 -2.0794415416798357 -2.0794415416798357 -2.0794415416798357 
0.3286660239990916 0.5158616568563118 0.364636099785725 
0.2919918597362724 0.6044086521200356 0.7677081350687741 
0.8829892806041868 0.3538173548613212 0.3419345135404125 
0.26901497711606115 0.33628155643514973 0.5373374372678225 
1.0886384353518397 0.9700156375201701 0.2655858360844659 
1.0002527229436242 1.0000853348022005 0.9998037075991915 
0.5996638734460714 0.3257311397874257 0.46713763021143495 
0.30228042094293467 0.3148385495987257 0.3403885208514298 
359.0209089096779 -181.1331215489221 8.818831356269712 
-181.13312154892213 712.9569082763459 -219.50399618286835 
8.818831356269703 -219.50399618286832 192.4519418560152 
160.56294447650922 -107.3920581108836 62.59047262162537 
-107.39205811088361 701.8028718188727 -360.39198474158906 
62.59047262162537 -360.391984741589 342.23020761392195 
334.0252446776188 -45.56703577371237 -14.55500646048228 
-45.56703577371237 779.7890324965797 -301.5146759677397 
-14.555006460482279 -301.5146759677397 272.2731819648741 
389.4647690327951 -301.1752449944613 108.02248940527238 
-301.1752449944612 875.8645401503193 -330.53872929663885 
108.0224894052724 -330.53872929663896 298.5553506833956 
656.8928677012467 -377.4579451468496 40.65880255228251 
-377.4579451468497 1043.1766635499127 -84.98922370953977 
40.65880255228258 -84.98922370953996 76.09830080232784 
523.7559505474819 -404.54098388482663 84.52044813712614 
-404.54098388482663 1128.2092562014195 -370.7227270061383 
84.52044813712612 -370.7227270061383 308.89122710074616 
381.07591472335537 -141.23975374248892 -30.755076906483215 
-141.2397537424889 643.8395647192684 -231.97796497416613 
-30.75507690648323 -231.9779649741661 272.088798833542 
503.1668206005906 -370.9208858037704 88.26691340644844 
-370.9208858037704 1124.8745574116112 -423.16266217010434 
88.26691340644838 -423.16266217010417 334.4698995815623 
-8.54243538209563 -8.289592340357055 -8.744913526760705 -8.794106435344677 -8.719178409543 -9.081498708125974 -8.729149193679275 -9.047039228526247 
