4 3
0 1 3 2 
-1.3862943611198906 -1.3862943611198906 -1.3862943611198906 -1.3862943611198906 
0.09745413207599134 0.08165711418388354 0.07836749383056765 
0.23086921312017455 0.5978336154798743 0.7277343782435511 
1.0000235881957327 1.0000654127122417 1.0001519505717078 
0.8813308103720491 0.161098968585234 0.20991939422572214 
284.1559749035591 -220.37751886502306 146.34632142576967 
-220.3775188650231 1489.9844704193015 -843.871867474819 
146.34632142576967 -843.8718674748188 828.9358022551188 
84.68451771424252 -65.93254841285152 45.08971320256927 
-65.9325484128515 516.8819893369813 -313.891737367563 
45.08971320256927 -313.89173736756294 308.6671850999424 
422.3704731665504 -371.2667726342574 243.12156385000378 
-371.26677263425745 1917.2831976655425 -1200.3480265828407 
243.1215638500038 -1200.3480265828407 996.9481214259584 
295.543436592381 -168.75480323009106 102.77425240270694 
-168.75480323009108 1211.0778036089855 -715.4552602923332 
102.77425240270696 -715.4552602923332 650.0898786859962 
-9.344860888270741 -7.675199246147255 -9.459862684427716 -9.065927253564917 
