8 3
0 4 3 1 2 7 6 5 
-2.0794415416798357 -2.0794415416798357 -2.0794415416798357 -2.0794415416798357 -2.0794415416798357 -2.0794415416798357 -2.0794415416798357 -2.0794415416798357 
0.0914830265228166 0.08343334908179927 0.10605333409013672 
0.9847160135369497 0.20025246648713851 0.16664291263840247 
0.07670349448068539 0.9785180461191586 0.9794209944771263 
0.06716938786641993 0.07774966946195767 0.9573490301362914 
0.1138602655057852 0.9760417709798586 0.21006110304630887 
0.9998007685988335 0.9998820546225688 0.9997725730486466 
1.0227792782576461 1.0110181899561015 0.29495129343686094 
0.9797923591322693 0.18006688214848504 0.9883459924571449 
350.11957543213396 -161.24913605363415 -66.18038172047179 
-161.24913605363412 818.402402679336 -412.59761303528836 
-66.1803817204718 -412.59761303528836 395.0696948718782 
76.69765311635481 22.70066906208006 -6.163734208877076 
22.70066906208006 277.81341675495315 -183.25205634572825 
-6.163734208877081 -183.25205634572828 217.09093283752154 
120.7186569903917 69.8954240724426 -38.22054534551824 
69.8954240724426 523.5416811443994 -364.849331172331 
-38.220545345518225 -364.849331172331 381.91484164563377 
195.33613748389098 -142.018726873525 -1.814270391318204 
-142.018726873525 295.8752591464444 -37.92249743954472 
-1.8142703913182008 -37.92249743954472 88.2770194898224 
116.73813688987156 34.89608133043497 -2.56359706394699 
34.89608133043497 173.450052046382 -28.49811109231658 
-2.563597063946991 -28.49811109231658 80.60274515172188 
822.2303766494603 -663.1352572816684 -180.51815208580862 
-663.1352572816685 1535.7415714919698 -640.8769228417781 
-180.51815208580865 -640.8769228417781 793.5879637932629 
479.6230442245789 -503.9112566657434 63.443410410675135 
-503.9112566657434 767.0670815721028 -125.74674330461163 
63.4434104106751 -125.74674330461157 100.97918342701463 
250.36809581832557 90.57240938577064 -221.44894560499583 
90.57240938577063 118.46503619824922 -102.2320270091242 
-221.44894560499583 -102.2320270091242 316.9626677161853 
-8.623725841444912 -7.249036531334545 -7.907601465063223 -7.460394019533429 -7.091138709621258 -9.266651196303442 -7.999546236989915 -7.361017647108665 
