8 3
5 7 6 3 1 2 4 0 
-2.0794415416798357 -2.0794415416798357 -2.0794415416798357 -2.0794415416798357 -2.0794415416798357 -2.0794415416798357 -2.0794415416798357 -2.0794415416798357 
0.6181762708404724 0.25441876309121964 0.4056949383007823 
1.0009534189691653 1.000529829592501 1.0003495069328492 
1.0504538043838296 1.0004752823618166 0.3700670749897441 
0.21805525667826142 0.5879358275717952 0.7184731266006772 
0.22525102303549277 0.2580361737323816 0.45538445350454854 
0.24038464398252377 0.5158501755756305 0.30819801390805884 
0.8850109794065435 0.30926806189984996 0.2881231195848926 
0.2452483342353333 0.24159143475298184 0.23493621493534883 
177.9550581406383 -12.861388619753182 -78.04496301421872 
-12.86138861975318 322.8667782532976 -215.8703555915813 
-78.04496301421871 -215.87035559158127 282.5776184820948 
243.9271811215298 -186.16041760012635 4.536149650076822 
-186.16041760012635 786.8227806790406 -327.28551941655803 
4.536149650076815 -327.285519416558 366.23347052092583 
388.57980105781064 -175.31468191577423 -36.048088168365695 
-175.3146819157742 567.7877354245045 -12.767412281575654 
-36.0480881683657 -12.767412281575655 56.734538285955566 
84.61467396382163 -41.841445164121765 7.05019619544028 
-41.84144516412175 355.49260578075916 -261.4752684825491 
7.050196195440278 -261.4752684825491 290.40312981742744 
243.46329019880997 -194.60686123404884 36.66398281477141 
-194.60686123404884 502.7012551116711 -258.38437334972093 
36.663982814771394 -258.38437334972093 252.14133198287837 
140.69809336694772 -63.943914008072 -13.595154723567276 
-63.943914008072014 295.7165604182239 -152.75422951952794 
-13.595154723567266 -152.75422951952794 169.48050003839745 
241.23259137997655 -21.249815080472796 -48.54897658889361 
-21.249815080472768 322.6110514335603 -217.70243466682481 
-48.54897658889361 -217.70243466682484 236.5120876464659 
360.41502439097013 -292.40436216083947 29.755305608633375 
-292.40436216083947 921.205122188464 -551.8327252697668 
29.755305608633215 -551.8327252697667 510.3471051823055 
-7.759793985779181 -8.640721480072957 -8.049512703385947 -7.381346002843001 -7.951680573613548 -7.414515792137503 -7.77419718721448 -8.514027546967549 
