8 3
0 4 2 5 6 1 3 7 
-2.0794415416798357 -2.0794415416798357 -2.0794415416798357 -2.0794415416798357 -2.0794415416798357 -2.0794415416798357 -2.0794415416798357 -2.0794415416798357 
0.1541744424121695 0.14552950071205356 0.14235769600805814 
0.8078565066883481 0.2658532424698408 0.2303200201288696 
0.16565227026981796 0.46018228344466 0.22250601068027126 
0.5084932411457518 0.17456124149561308 0.3455554530706697 
1.031116928156879 0.9937997990231056 0.34720115229888154 
0.13421550369887653 0.16222600925321706 0.39932722829871087 
0.18998038989966426 0.5556879946027742 0.6873020481551071 
1.0002274475316362 1.0000486051550552 1.0000914156058514 
512.8873674637082 -473.4081384865629 45.536949300499906 
-473.4081384865627 1036.5097096083084 -564.5553699991171 
45.53694930049977 -564.5553699991171 574.8801062171842 
82.36100624449901 -24.414091812929378 -25.5343025569879 
-24.414091812929374 280.68070924295887 -167.58187779294244 
-25.534302556987914 -167.5818777929424 231.63868132969978 
122.13784473643287 -11.621483864657645 -47.87665469080071 
-11.621483864657634 175.87209096191683 -106.62470954426718 
-47.87665469080071 -106.62470954426716 168.25058151214532 
179.076285055542 -69.23277385264079 -85.0632606623613 
-69.23277385264082 247.92680095757268 -73.92940808425924 
-85.06326066236129 -73.92940808425924 182.07793356756605 
333.8144777343236 -312.086808607543 9.467201708798514 
-312.08680860754305 600.2402295423647 -19.745021962150403 
9.467201708798514 -19.745021962150407 48.23457567068441 
231.2963291612886 -175.08010089904033 21.09177861419182 
-175.08010089904027 299.8892001897898 -95.10062985825627 
21.09177861419182 -95.10062985825628 113.90797163114195 
62.911092801957274 -7.920190131661234 2.4827237096577117 
-7.920190131661231 240.97352490275233 -175.7427359207105 
2.48272370965771 -175.7427359207105 211.46987255380088 
456.3386017102239 -356.26151711359887 18.38414947014289 
-356.26151711359887 1051.054664101104 -390.46815589071514 
18.384149470142894 -390.46815589071514 410.4958407321397 
-8.692477298225095 -7.368257633282486 -7.167467832664791 -7.543712294064756 -7.702320208645877 -7.4377751818990605 -7.021316449345599 -9.098590919606734 
