8 3
0 5 4 2 6 3 7 1 
-2.0793232418843566 -2.077951986024879 -2.0826884131999743 -2.0814073654125123 -2.07639387527268 -2.078141013009044 -2.0779992394212257 -2.0816444727046726 
0.2200557602824785 0.2013485801145077 0.19674296397558355 
0.7292697280120863 0.2830335834560329 0.6128765826036034 
0.8930088494426305 0.2716696706115031 0.24032391562740107 
0.3050264601967817 0.6641708412072118 0.2621166547866284 
1.0623004482836487 0.9642549975688804 0.35213407100821065 
0.2547516705969123 0.7636249322950103 0.8152256085561747 
0.9997329317611781 0.9996455771505536 0.9993519810415076 
0.1890408661176188 0.25590672867915537 0.631324561296663 
575.6032263255712 -677.9458906952156 107.04712915966273 
-677.9458906952159 1648.9775728617508 -964.220040827182 
107.04712915966307 -964.2200408271824 906.3713436741627 
261.88832273495245 4.150392252293413 -186.77262824469383 
4.150392252293434 159.2775683944218 28.877105449861542 
-186.7726282446938 28.877105449861556 153.91438899309196 
92.48869799904611 31.845922070103068 3.379359473471612 
31.84592207010313 549.9091342699793 -507.0272944380846 
3.379359473471579 -507.0272944380846 535.5373443292864 
147.30456635336267 36.56017339761545 -78.09688461390238 
36.560173397615415 41.63004615893979 15.621693010218655 
-78.09688461390243 15.621693010218632 137.15839863167704 
674.0243922012621 -540.0139319994895 -69.3195518137024 
-540.0139319994895 654.0695619335744 40.88368427983834 
-69.3195518137024 40.883684279838334 68.07595172459797 
73.45628844783596 92.11532902463757 -57.92730262731111 
92.11532902463757 314.0074757837815 -331.8164936722035 
-57.927302627311114 -331.81649367220353 442.8946541378848 
578.1228968132122 -580.0198992295556 27.595732300918364 
-580.0198992295562 1831.4117436803688 -1000.620871665301 
27.595732300918737 -1000.6208716653014 896.5608366229079 
506.989868396118 -362.56307710674605 85.74413250829463 
-362.56307710674594 372.7184203874974 -16.130540617023133 
85.74413250829464 -16.130540617023147 50.180371318044294 
-8.601911276859951 -6.650817980319317 -7.422995552083 -6.2689488305291 -8.00364926631391 -6.830849317509869 -9.207503501597799 -6.916063973026261 
