8 3
6 1 4 3 5 2 7 0 
-2.0794415416798357 -2.0794415416798357 -2.0794415416798357 -2.0794415416798357 -2.0794415416798357 -2.0794415416798357 -2.0794415416798357 -2.0794415416798357 
1.0348651792311812 0.9462165871849287 0.4499197932337142 
0.17886552532806058 0.2502612265665588 0.41908461080067744 
0.7541936213886554 0.31035982528794237 0.26706392893349945 
0.2923046147102861 0.6294338894627648 0.6989184191966521 
0.522638690968254 0.25439286580511355 0.39103385787761635 
0.2927925106050817 0.4952872852498894 0.2689186156381257 
0.9998983108071955 0.9995024381528936 0.9994337140603249 
0.22804101553575232 0.1972539755649653 0.18216861561777145 
145.24822297509303 -124.59901285437562 17.249520800582417 
-124.59901285437563 196.4395527586489 -33.55260478309024 
17.24952080058242 -33.55260478309024 38.35521422116165 
78.20671957161282 -97.60420570563487 26.060072852231173 
-97.60420570563488 200.5892856376825 -107.3440060863898 
26.06007285223117 -107.34400608638978 114.46336560858438 
56.911832114998575 -33.391980250228066 12.050914091166886 
-33.39198025022808 122.71532760869874 -96.67145145658502 
12.050914091166884 -96.67145145658503 102.08277173693627 
19.60356603288634 -21.748674797008594 3.953751533064493 
-21.748674797008597 126.28097139624724 -84.21114227571195 
3.953751533064494 -84.21114227571195 104.90385459255839 
75.66659684196026 -51.12951023785028 0.7617647151246041 
-51.12951023785029 105.97655210796755 -70.18841760984043 
0.7617647151246006 -70.18841760984043 101.3345000278722 
39.06809027238976 -26.56391990309316 -16.277865139025778 
-26.563919903093165 118.04914171223497 -49.55522816495768 
-16.277865139025778 -49.55522816495768 70.45404008332517 
102.77533223997166 -90.88053246170459 9.597394841228807 
-90.88053246170462 223.28241926105082 -108.92694464772941 
9.59739484122881 -108.92694464772943 116.05645298106423 
86.8675513954046 -92.60645486846617 12.87251636768871 
-92.60645486846614 204.7099772563468 -112.50526103163203 
12.872516367688696 -112.50526103163203 113.35093456631941 
-6.475394821072918 -6.136597001834611 -5.876896219378208 -5.666689197719557 -6.051242368327603 -5.781524493631701 -6.695985106848168 -6.045827247434035 
