3
3
27.10937691751278 -16.14046358808243 0.7690881093617865
5.757406453414347
3
-10.879651851547157 35.19521443779857 -5.19290859683404
6.302177769223633
20
-1.0231815394945443E-12 12.195366917311295 -25.277453976309804 22.34229867369701 4.009581048756717 -4.145490502011483 16.151281835132583 -22.863426739524773 7.101548679388897 10.966194033617615 -4.832903827279645 -0.5760429369737605 -10.289613220519609 7.120280791404037 5.936584186060225 -2.4750919237297264 5.913955967899328 6.767151875753483 -0.6197909375922522 1.5743162932482642
3.8335585656495543

————————layer3—————————
10
-2.2737367544323206E-13 18.34862025210253 -31.90381025462401 21.78821078724178 -19.583401767408127 10.412380141567983 20.574765560744755 3.644459076786198 6.931645384705624 -11.352120777139579
3.8655477277856862
3
-1.9512647520727762 -21.402494812433403 35.01780356277012
3.9242107758359657


————————layer2—————————
10
-8.526512829121202E-14 -8.075921907373958 25.600012565973127 -10.76022445925757 -4.732286468843645 13.598990529652756 6.253092677858942 1.834387012702129 5.2195443467087586 -2.763360058631269
4.506932664747277
3
-10.879651851547157 35.19521443779857 -5.19290859683404
6.302177769223633