3
3
22.468740133203845 -12.928606514963695 1.9636123524909077 
6.939212043868759
3
-12.422720558210779 29.716367187166266 -4.882198353207243 
6.516170191303751
20
0.0 11.019950763017189 -17.99855601877851 15.236586937107118 11.043453080718795 2.157224607850589 18.564726920892497 -23.527116316451472 3.496110594815529 12.140085646411272 -15.43770245833743 -5.069093417569176 -19.980873611907562 28.109650440548283 -3.576968694129569 7.169619323640247 3.0893945822820523 -1.3157425270328929 -6.199410819464778 -6.979946274145256
3.5302303255962766

10
0.0 15.766745576052323 -30.63359345868554 16.568160380239046 -11.800128138232235 10.21996416601804 23.195411946785512 12.155679603862037 -4.613314276997514 -20.179815832311238
2.8660862705877506

3
-1.0895491010753515 -16.692662794203482 25.285990432764123 
3.764905901405067